MH13 Yash 744 0 Golden 33435 1 2024 10 10 12 30 0 2024 11 10 12 0 0
MH10 Khushi 684 0 Golden 30985 2 2024 12 13 12 0 0 2025 1 10 0 0 0
MH03 Vansh 672 0 Golden 30195 1 2024 12 13 12 0 0 2025 1 10 12 0 0
MH05 Cheril 528 2 Golden 23715 1 2024 12 12 12 0 0 0 0 0 0 0 0
MH09 Sanyam 468 0 Golden 21150 2 2024 12 11 12 0 0 2024 12 20 0 0 0
MH01 Saurabh 456 1 Golden 20475 1 2025 1 1 12 0 0 0 0 0 0 0 0
MH14 Sandeep 288 0 Golden 13635 3 2025 2 9 0 0 0 2025 2 19 0 0 0
MH06 Heena 240 3 Golden 10755 1 2024 12 21 12 0 0 0 0 0 0 0 0
MH04 Sakshi 216 0 Golden 9810 2 2024 12 21 12 0 0 2024 12 25 12 0 0
MH15 Vaishnavi 168 0 Premium 7695 1 2025 2 13 0 0 0 2025 2 20 0 0 0
MH02 Vedant 168 11 Premium 7515 1 2025 1 31 12 0 0 0 0 0 0 0 0
MH12 Karan 120 0 Premium 5355 1 2024 12 9 12 30 0 2024 12 14 12 30 0
MH07 Jay 96 22 None 4750 1 2024 12 25 12 0 0 0 0 0 0 0 0
MH08 Tanvi 73 23 None 3600 1 2024 11 28 12 0 0 0 0 0 0 0 0
MH16 Aryan 48 0 None 2550 1 2025 2 18 0 0 0 2025 2 20 0 0 0
MH11 Ram 24 0 None 1150 1 2024 12 10 12 0 0 2024 12 11 12 0 0
MH20 Samyak 0 21 None 0 0 2024 2 11 0 0 0 0 0 0 0 0 0
MH21 Ashok 0 25 None 0 0 2024 2 10 0 0 0 0 0 0 0 0 0
MH99 Sahil 0 24 None 0 0 2025 2 21 10 0 0 0 0 0 0 0 0
